United Kingdom, Period total fertility rates by birth order and period total fertility rates by birth order by age 40
Last modified: 01/12/2022
Year       TFR      TFR1      TFR2      TFR3      TFR4     TFR5p     TFR40   TFR40_1   TFR40_2   TFR40_3   TFR40_4  TFR40_5p
2013     1.830     0.719     0.652     0.286     0.107     0.066     1.758     0.700     0.629     0.272     0.100     0.058
2014     1.815     0.714     0.651     0.281     0.104     0.065     1.741     0.694     0.627     0.266     0.096     0.057
2015     1.805     0.718     0.647     0.274     0.102     0.064     1.729     0.698     0.622     0.259     0.094     0.056
2016     1.790     0.746     0.630     0.257     0.096     0.061     1.710     0.724     0.604     0.242     0.088     0.052
2017     1.737     0.733     0.607     0.245     0.092     0.060     1.658     0.711     0.581     0.230     0.084     0.051
2018     1.678     0.721     0.585     0.229     0.086     0.057     1.598     0.699     0.559     0.214     0.078     0.048
2019     1.637     0.716     0.566     0.220     0.081     0.054     1.557     0.694     0.539     0.205     0.074     0.046
2020     1.572     0.706     0.533     0.205     0.077     0.051     1.496     0.684     0.507     0.191     0.070     0.044
